5848 5076 2056 3346 321 5076 5449 2442 4891 687 2019 3359 1409 3302 5698 828 4701 5201 4516 4564 5196 2465 4408 2442 321 3800 72 1820 4232 3932 2619 828
1355 5839 3323 5668 1435 5639 1030 2442 4734 2666 1619 4239 3960 5667 5667 828 1386 2666 3186 764 2465 3278 2326 2442 4223 3793 5781 5451 5324 4891 801 828
583 302 578 4514 4223 445 5375 2442 3573 527 1094 3621 5848 4057 1820 828 1094 3631 5848 1784 28 5727 4540 2442 5777 806 4839 3631 4536 2465 4362 828
3727 611 1386 2814 4508 812 3323 2442 1094 1607 687 687 1094 3998 4642 828 1453 1607 5848 1784 2465 2326 4408 2442 4806 3016 5458 3631 91 687 3323 828
2376 1743 5381 4508 3078 691 123 2442 4565 607 5155 5781 160 1196 2619 828 3278 4050 3828 3828 2965 4039 1687 2442 3841 4955 1357 2150 160 2114 766 828
1094 4801 4521 583 4508 5523 3884 2442 5607 687 687 4403 5848 5259 356 828 5777 1784 1712 2655 2465 1820 4408 2442 1094 1607 687 3468 5848 632 3884 828
1200 4511 4350 1655 2105 4350 602 2442 5848 4130 1599 1599 5777 156 5607 828 5175 4050 1193 2472 3462 5848 4057 2442 5673 5201 2631 2150 4815 4531 1157 828
5777 1906 5451 3850 356 1714 2582 2442 3314 2207 5848 795 1094 3273 3378 828 5654 1784 4039 3292 2465 4642 3618 2442 5848 4057 2480 1157 4815 4693 4511 828
1890 4337 3722 611 1339 3621 687 2442 5848 4418 2414 4907 1987 2277 1437 828 226 2083 4007 1157 1599 5827 5292 2442 5654 1784 2182 140 2363 5667 5667 828
4907 3490 2697 4202 2134 4612 1127 2442 4701 91 1890 687 4508 4994 3462 828 5848 795 1820 4955 465 652 669 2442 381 4839 3087 5359 4297 4354 687 828
1231 1519 1193 4421 1862 646 1820 2442 5848 1784 5353 3631 156 2193 2414 828 2973 4839 4039 669 2473 2114 2326 2442 661 4716 3462 3378 5848 4057 2465 828
371 5639 2669 4856 3537 912 3148 2442 5423 1820 1784 5423 5848 1784 2618 828 1820 249 1094 2464 5691 4360 669 2442 5848 4418 1820 4955 1094 3631 1587 828
4366 4366 5781 2225 5304 5781 4147 2442 1405 4057 1586 3706 2408 4050 4803 828 4353 3292 2465 3462 4590 929 4516 2442 5607 687 3468 1655 607 3462 3378 828
4782 1780 2465 3711 170 1094 127 2442 1094 1047 4392 4232 5848 2473 2114 828 5673 4955 3793 982 2465 2784 4408 2442 5848 4057 3462 3378 2917 5639 1157 828
3310 1446 531 2333 5323 5738 1081 2442 4891 5523 5697 2557 1334 4614 2539 828 5848 795 5520 4839 4803 5848 1452 2442 774 687 801 1655 2105 2114 766 828
1780 1338 5826 1231 3631 2363 4231 2442 5691 4360 1127 3618 4815 4360 5222 828 1737 2339 5848 2810 1820 4955 4057 2442 5848 795 5781 2385 160 795 5654 828
4639 5451 4348 812 1196 2193 1565 2442 371 2538 356 1619 1770 2134 5698 828 1453 1607 3952 1231 3065 359 359 2442 5607 687 5821 5821 4815 5607 1157 828
5673 2764 5155 5781 2150 5153 15 2442 2257 2561 4508 812 5734 2720 3884 828 801 1157 184 853 184 387 669 2442 4536 4050 1504 5259 3960 646 72 828
5446 1157 3138 3422 1094 2160 4905 2442 1094 2930 5446 4839 203 3905 5673 828 5848 795 1193 5781 5738 1094 4801 2442 3608 1820 1899 4669 5727 1405 1784 828
399 2303 2219 1143 148 4740 2398 2442 1607 4297 1353 2814 4050 1094 3273 828 3708 4669 692 2814 4418 3462 3358 2442 691 1784 5848 4057 977 1820 5697 828
5673 1962 4856 3722 2354 3727 3540 2442 1196 302 3079 4976 4050 575 575 828 2737 1784 4039 3240 1820 4803 4408 2442 5196 4057 3490 1820 170 5395 1820 828
4090 3325 950 4421 1899 3303 4050 2442 1127 687 2937 4669 987 4642 5196 828 321 4839 5199 2829 2465 1820 5253 2442 321 795 4392 3708 5848 5420 2056 828
2253 4653 2465 4408 5249 937 2207 2442 2480 2489 575 3462 4627 4734 1526 828 1737 4353 5185 3645 72 4516 2935 2442 4392 4511 1094 4801 3811 5846 3752 828
3544 5477 998 5871 939 4039 3302 2442 5069 3302 5848 1377 4516 3621 4959 828 2194 795 1910 1717 2465 1820 4057 2442 1857 1857 5451 4050 2917 2997 5866 828
3752 3752 1483 1266 4472 2720 5201 2442 5523 2192 4392 3038 4403 861 4612 828 3310 4232 5155 5781 2465 1094 4801 2442 4976 4337 760 4050 2363 3711 2480 828
71 1519 4225 2840 5729 404 242 2442 5175 3555 3462 607 3960 4531 4768 828 5848 1784 5381 5691 4360 5781 1519 2442 2037 5883 1599 5673 1094 4801 3462 828
2124 4856 1035 1924 852 5692 3055 2442 5848 1377 4531 4768 1094 3007 4955 828 2473 4039 1668 552 2245 5727 1452 2442 1094 2332 5446 1196 5848 2339 3711 828
1607 4531 5289 4239 861 4856 15 2442 3466 4669 2114 1820 5526 5848 1565 828 5781 5639 5727 1157 2245 5848 4057 2442 1094 54 2465 2326 3960 184 2619 828
1887 5614 24 24 95 2522 4627 2442 5848 4057 4511 4959 4297 3631 268 828 4508 4564 4891 1784 1887 5639 1519 2442 5848 1784 2137 5839 1339 2414 1565 828
2814 2480 2422 2764 3139 2503 361 2442 1049 4299 2465 1820 2937 3449 3708 828 1737 795 5781 5697 5196 5848 1377 2442 15 5783 2428 4050 1094 3621 759 828
1353 1353 72 4047 5848 998 4637 2442 2480 4110 4360 5781 1286 4891 184 828 321 795 1094 4511 4360 2917 2390 2442 5848 1784 687 5839 4050 3555 129 828
3152 1437 904 661 3119 3616 1353 2442 321 795 5691 4360 1276 2138 4803 828 2956 4353 5341 2666 15 1148 341 2442 1780 2552 687 285 2105 2465 3278 828
4050 1450 5691 937 5848 3805 5871 2442 371 2579 4354 5359 4514 5554 3462 828 187 1157 4891 4050 5607 4531 669 2442 5826 1655 2472 3462 5526 3449 4531 828
3541 1820 1094 2600 3651 4707 2666 2442 3960 795 5155 5781 3449 2536 3708 828 5654 4381 4050 5534 656 5727 91 2442 2480 1820 5848 4057 4110 5607 2480 828
3468 1834 5607 4395 5839 2306 2034 2442 5848 1784 687 1655 5420 4531 1157 828 1127 3302 5848 1377 5848 184 1906 2442 1157 2619 4511 4422 2367 1674 4955 828
764 387 5240 5240 3180 1043 193 2442 1260 2561 3311 2445 5848 2473 4511 828 3960 308 4516 5106 2465 5614 3927 2442 1094 1891 5155 2472 4782 2435 5451 828
3814 5639 602 1938 123 4842 89 2442 4360 4907 1890 3952 1094 77 5826 828 2720 5614 5420 3292 1895 4366 890 2442 2137 585 2422 5691 669 2619 1157 828
1094 5423 3134 5229 4891 5523 1157 2442 2445 687 3711 743 5839 5668 687 828 2538 583 861 5292 2465 342 379 2442 5155 3877 1619 1157 4614 2146 2619 828
669 1353 5668 1196 4057 4043 3462 2442 892 4381 4043 3462 5848 1838 3235 828 583 3631 687 5673 1599 861 1761 2442 2827 3189 4905 5863 1834 1887 5673 828
5033 2917 687 3711 5848 5333 4521 2442 1619 3462 4891 4110 2277 4511 2465 828 4511 3582 5420 5106 2037 2465 5423 2442 2193 5523 5155 5781 676 3620 5781 828
1887 1607 5151 2814 3520 3292 5178 2442 4050 1820 2114 2326 4057 1503 1353 828 148 1353 1094 3516 2894 807 3726 2442 321 2737 5781 4422 1094 4508 4642 828
646 1906 5405 4574 5830 2697 1565 2442 4421 5183 2914 4114 2538 1887 5846 828 3814 4509 5848 4050 656 2473 4039 2442 5323 4478 3834 4653 2363 4050 3462 828
5781 2814 5472 795 5353 2480 5839 2442 5654 5069 5324 979 4734 301 2619 828 4173 2480 5848 4418 2465 1820 4057 2442 2465 25 4395 2034 5727 4101 1763 828
2167 4096 2309 1884 846 3993 2478 2442 321 4232 1820 4955 669 2326 1565 828 4839 3631 2538 583 4531 5848 4540 2442 3772 1717 2465 5076 4039 1820 4955 828
1447 5106 5282 5282 3248 5848 2037 2442 861 5183 1820 4057 2273 5781 5781 828 2764 1157 4516 669 5607 687 1655 2442 4360 3952 1127 5605 2277 1712 2870 828
673 673 4905 4395 3731 3891 1168 2442 3143 5673 1198 607 1459 3711 1538 828 3462 5451 861 5292 5614 4362 2326 2442 1094 1266 5781 1887 5496 2622 4250 828
4516 5106 898 602 140 5727 3582 2442 3555 3462 5848 5036 987 1820 3378 828 2622 627 1094 2917 3621 2465 4408 2442 198 4669 5237 583 4536 4039 127 828
5848 4239 3575 634 148 2538 282 2442 3028 687 148 3631 4782 5673 4955 828 148 1353 5848 795 3812 1353 2326 2442 2428 2339 2771 72 5848 795 5654 828
1655 4815 5607 5708 2672 341 129 2442 2827 926 3462 1519 3534 5691 5222 828 4815 634 795 4039 4624 1293 669 2442 2538 607 2428 4927 4614 2150 2666 828
4508 5191 1439 979 4782 5673 4416 2442 2083 2163 5781 2814 2538 861 5673 828 5781 5639 3610 865 5607 1291 1655 2442 3834 4653 1619 3986 91 4360 3777 828
1892 5333 5280 377 3608 4223 248 2442 1094 3273 2720 4381 764 687 3468 828 3195 2666 321 4050 3028 5673 5292 2442 3310 5214 4053 3028 3143 3618 687 828
2473 2473 3370 5575 4891 2465 4362 2442 5353 3631 409 3828 4866 5848 1784 828 4891 4050 4839 1157 1331 5848 961 2442 2340 3273 5727 1838 4057 4043 3462 828
3490 4362 4891 4381 285 1820 1529 2442 5848 795 2182 1820 2619 5848 1157 828 2764 4050 5781 2814 4803 5848 795 2442 1820 4955 5848 4669 91 5155 5781 828
4639 5451 342 379 2193 1353 5466 2442 4006 4779 2465 4803 4536 5848 1784 828 4614 831 5554 3462 1094 1231 4686 2442 5451 1157 1899 4669 1094 4612 1538 828
1437 5781 4531 5359 5792 5667 2280 2442 4065 3244 1619 1279 3998 3370 5282 828 2473 795 1094 3273 1648 4531 669 2442 1887 1231 5848 4057 4516 1157 1157 828
5620 4058 3508 1067 5155 4939 5292 2442 4297 3028 5607 5639 4110 5607 687 828 4747 132 2225 2582 583 1848 3631 2442 5777 1648 1890 5222 2538 4891 1587 828
669 4985 1439 1437 2225 2622 2193 2442 1094 5614 2037 2043 4297 3884 687 828 5496 1353 2538 861 1127 687 1143 2442 1286 91 184 111 4150 1125 4016 828
4050 1780 2473 2848 1712 4654 5319 2442 1712 4337 2827 5639 156 5607 687 828 2339 5654 3073 4669 4350 4050 3292 2442 5848 4536 5691 4360 3357 3325 5451 828
2656 2656 1127 1890 4360 3952 4362 2442 1820 5201 2114 2326 2105 2114 2474 828 5076 1231 5848 91 2803 5781 4564 2442 5781 5639 2465 5673 607 5839 2037 828
5420 5106 1353 1157 5848 4407 3555 2442 2089 1507 1094 1607 1094 3711 3711 828 5848 1784 2773 1157 2695 2465 1171 2442 2192 3940 5413 4454 129 4173 4392 828
5420 1157 2465 140 5508 5704 634 2442 1094 2138 757 1186 156 1184 3872 828 583 2538 892 1405 2695 4891 4057 2442 5039 2114 5848 3449 1825 249 5201 828
4508 4564 2343 2473 5848 4759 1447 2442 4392 3708 5848 4057 2917 1890 1127 828 3582 2303 1737 1648 148 2193 5512 2442 5654 795 5353 1353 5727 4101 1565 828
2827 3325 1322 4907 1820 2363 646 2442 5353 2480 5526 795 1094 3220 1538 828 2193 1386 5848 4057 3711 1353 4408 2442 3449 1198 5851 2478 2672 2455 5826 828
3712 5237 1291 1063 5249 937 1619 2442 3651 3462 2137 1687 1338 184 2915 828 1820 1157 4050 4516 2557 1504 2326 2442 1528 4050 5781 4955 321 5848 1784 828
5185 2455 1035 1035 3610 861 1050 2442 5781 4337 4043 3462 4937 3884 5614 828 2043 3302 321 3103 5607 687 492 2442 3711 4050 5607 687 3811 0 1366 828
5781 2766 28 1835 5781 1820 3689 2442 5848 4057 4360 5781 92 4050 2480 828 3877 2150 5848 1784 2465 25 140 2442 1032 1157 2473 4039 1094 2669 348 828
5496 1728 5449 3267 3321 5839 2720 2442 1437 5781 1127 669 861 5472 4511 828 1899 1784 1737 4381 1157 1820 3139 2442 4039 669 4839 1848 4815 1276 2939 828
3277 1887 5876 2225 3793 5472 77 2442 2455 1519 4653 1820 5848 795 2894 828 4696 4144 1279 5614 4839 2363 4110 2442 1094 3065 1619 5333 1260 2561 5781 828
2037 787 2414 5878 1196 1108 4856 2442 3323 5839 5848 4101 3616 1820 3235 828 1820 4955 5848 4418 4839 2480 1305 2442 1094 2600 3762 3621 5848 2737 2619 828
129 5004 1127 4337 3462 1094 3273 2442 4614 3802 3468 4565 140 5451 4362 828 2083 4096 1922 1059 4043 3462 607 2442 1825 1655 2465 1820 91 2277 1437 828
4278 4661 3814 2766 3159 4536 3651 2442 1447 2666 2538 1519 607 2814 3462 828 2465 3278 2326 2326 1157 184 1906 2442 4839 4057 1890 687 140 5848 1784 828
1069 1069 2965 3511 1524 3189 3711 2442 2137 5839 5185 4700 5727 3998 2039 828 5607 3358 890 4653 1619 1196 2538 2442 5472 5668 1619 669 198 1619 1619 828
5359 5883 1717 3621 4110 1094 4348 2442 362 5709 404 88 4891 2912 4758 828 687 5708 5848 4110 5781 5451 2538 2442 2901 795 2827 561 4508 4564 5451 828
3625 1366 4002 3631 4565 2257 2257 2442 5848 1377 1619 3462 1094 1607 4354 828 1094 1731 2445 1435 760 5727 3449 2442 5185 3552 2193 916 3651 3462 1860 828
3659 3659 184 4478 5848 184 1439 2442 1094 4801 687 3323 4891 4050 4354 828 2114 4408 4891 1784 2465 4050 2326 2442 1607 2034 2428 4050 2536 4531 1820 828
4891 890 425 2666 2039 585 4564 2442 5691 4360 3552 2390 1260 2561 1157 828 3323 474 5848 4057 5155 5781 669 2442 5359 4564 4043 3462 5848 4536 2619 828
28 4891 5654 5668 928 959 3679 2442 1094 15 5848 4669 4050 34 1588 828 5185 2827 5848 1377 5185 2827 242 2442 1987 4669 5062 5605 3631 3631 1157 828
3462 162 2981 1515 890 1655 602 2442 3884 5222 5727 3303 4057 5607 687 828 5691 4360 1276 4985 913 5781 3841 2442 3608 313 4354 687 3998 4050 4362 828
5260 1292 1313 5047 4531 2039 1391 2442 1655 2716 5260 1292 4540 4627 2666 828 4422 1196 890 77 853 5249 755 2442 1127 687 370 508 3998 1009 3828 828
4734 301 400 2538 67 5074 3787 2442 1094 4408 4905 15 2510 1196 2803 828 4891 4050 2037 4612 4839 5848 795 2442 1094 3552 981 2538 795 3245 1437 828
5249 3244 583 5668 3884 387 646 2442 1094 1231 1301 1871 2273 2414 2414 828 5249 5673 861 739 184 387 2326 2442 1818 5880 34 1353 4713 4524 2480 828
1133 1133 3740 3740 534 4050 34 2442 160 806 2666 3200 5320 3490 1820 828 5848 760 4408 91 1890 5222 2225 2442 5848 4057 4360 5781 4057 4039 5451 828
5821 5821 2720 5262 1196 3329 1107 2442 5249 2666 2428 4110 3631 2814 2480 828 892 586 4039 1607 2465 4362 140 2442 5654 4381 1820 4955 5848 4101 1895 828
5 2878 5458 2784 1784 2273 3884 2442 3631 3631 2915 5062 1094 4801 1619 828 5777 4353 1987 1157 2465 25 387 2442 5848 1784 4839 3631 5848 998 801 828
2672 101 1820 1437 3284 5106 1619 2442 5185 4422 3468 341 4815 2666 345 828 5654 1784 4039 1607 184 387 3054 2442 5848 4381 2137 3429 1260 5249 5673 828
1717 583 5777 5690 5673 3303 4459 2442 2219 4239 2193 2414 2277 1266 3378 828 4839 3631 3143 435 1820 5423 2326 2442 321 760 2465 2326 1648 5607 687 828
5711 2697 2056 5088 5478 2127 4250 2442 2794 5698 4508 4408 3726 2114 1820 828 691 1784 5848 91 5781 5451 1450 2442 381 2330 2472 3462 5333 3631 1587 828
1717 4140 1937 801 687 5839 0 2442 1094 3621 321 4050 4039 1437 5781 828 4050 3462 5848 4232 1127 1890 2225 2442 5848 795 1820 4955 1094 2138 2840 828
3762 3621 2894 3292 1696 2111 981 2442 148 3608 2114 4001 5848 5727 1784 828 1737 1847 5781 5451 2465 1094 4408 2442 5848 5069 3877 3936 5333 2056 54 828
3987 675 2361 4635 950 687 4110 2442 5781 2390 5697 5069 5420 2273 1437 828 3310 5423 477 3414 4002 5848 4057 2442 4891 3028 687 1655 5027 5155 1599 828
2536 3302 2339 4217 4354 2473 5839 2442 365 1483 5185 2827 3631 4595 1887 828 3052 1648 687 3925 2111 5727 4057 2442 1737 806 2114 2326 4050 3884 3884 828
687 1655 865 1826 5727 938 4036 2442 5729 1549 2137 3651 4050 2037 5607 828 223 5826 2398 1043 1887 2137 5676 2442 4839 3631 4905 5673 1607 4297 2037 828
5607 1157 4531 2225 337 148 5518 2442 1607 2281 2056 301 853 2326 4016 828 3610 4057 0 634 184 2619 669 2442 5423 1437 2720 5004 607 3462 1437 828
2917 4511 4508 4564 1559 2465 5414 2442 3998 4050 1820 1157 5727 4057 1820 828 5848 795 5883 3616 4839 2277 4301 2442 1094 3138 4403 2445 607 3462 3378 828
5790 3811 2243 4421 5663 652 1175 2442 1820 4955 1094 1607 5074 1279 5614 828 439 5472 1094 1687 2478 4805 1835 2442 764 5639 5387 564 1094 2930 127 828
4392 1353 148 5420 5848 1405 4154 2442 5420 4223 1784 3302 2105 4654 1234 828 2114 4408 5727 1784 575 4119 4119 2442 5449 5698 691 1876 4050 5654 2695 828
2137 2237 3631 1075 5848 3711 1887 2442 91 4039 5781 4642 5839 1196 5088 828 5423 1196 2114 4001 2465 5292 4110 2442 5333 5673 5848 4057 4039 5451 5626 828
4065 5475 1890 4985 1107 1747 3292 2442 5673 5451 1094 4801 2037 3711 270 828 3960 387 4540 3631 5222 5691 2538 2442 1599 3727 5851 1353 5249 3244 1619 828
5729 1249 993 993 493 5848 1784 2442 5654 1784 913 5423 4057 3815 1437 828 184 3616 5848 679 2039 5738 2277 2442 4050 2273 5359 5451 1820 5848 1784 828
1022 1523 4378 3856 5777 1619 669 2442 4669 687 4050 1820 2619 4039 5697 828 5727 91 2814 3573 2465 2326 2326 2442 3610 865 5458 156 1607 4354 687 828
1094 4713 1439 1437 795 4239 15 2442 1035 1035 1094 2455 4050 3884 3884 828 5848 1784 5691 1196 5781 1437 3139 2442 2114 2326 3762 3621 5848 795 583 828
5381 4239 4515 3462 1094 1607 3378 2442 348 4786 1094 3631 959 2894 1820 828 5420 3152 5848 4669 3621 4803 4408 2442 5420 5047 5654 1784 5420 5106 4786 828
2083 99 2114 5537 5819 4348 1538 2442 5848 1377 2720 2894 3631 3310 3621 828 5777 1648 3292 54 2465 140 4189 2442 4891 1784 3868 1648 371 3998 153 828
3832 5106 2894 2473 466 3358 908 2442 3711 3265 4002 3631 3811 2473 2114 828 3103 1503 2917 1196 148 2193 4299 2442 3511 4381 5654 1437 5848 4101 4192 828
4508 5878 4053 3496 2445 5137 728 2442 3462 129 2619 4815 1712 1820 1437 828 3810 403 1198 5333 5607 687 669 2442 5324 997 3244 1279 5196 4891 1784 828
5332 3326 5530 4856 2011 3891 129 2442 890 4612 1533 1761 4669 3462 3378 828 1127 687 5848 3995 2618 5614 2901 2442 1688 211 5691 5781 1075 585 2265 828
1144 561 583 2538 5839 993 993 2442 2114 2326 4511 4959 5359 4564 2619 828 4531 669 1094 2480 2465 2326 4057 2442 1094 5178 1094 4113 4614 3809 546 828
4627 4614 5708 2666 2445 2083 4070 2442 2273 1386 1619 669 2273 2480 801 828 184 3616 739 1196 1127 4360 669 2442 4734 1932 5781 4955 4050 2273 1820 828
853 3926 4786 5449 3378 3608 2403 2442 4614 4907 5607 5639 2273 2473 4511 828 2306 5840 5848 4418 5472 2666 5423 2442 5848 4536 687 3323 5848 4654 2915 828
3490 2672 1860 2553 5863 2445 2137 2442 4511 1182 671 2907 853 5607 687 828 5848 399 2326 3620 3302 4531 669 2442 5848 795 1210 1820 5697 4891 980 828
5155 5607 3128 795 4860 1293 4470 2442 1607 4297 2465 15 3804 2150 2761 828 91 4669 5848 1784 4313 3711 743 2442 2114 1820 2114 2326 4050 4803 4803 828
1353 1353 2606 1655 1648 5781 3828 2442 184 1906 1357 3994 5848 5848 1784 828 1094 1355 1094 3621 5607 1655 669 2442 743 1353 4043 101 861 5155 5781 828
997 1909 1599 3727 387 2465 4699 2442 3841 5598 5848 1784 4511 2390 4531 828 3573 91 1607 1157 148 5496 4564 2442 969 1157 3468 5734 5420 348 4016 828
4960 4421 5470 5777 4464 4511 2808 2442 3573 91 1890 5781 3608 1094 3273 828 321 652 5658 1967 3302 5848 4057 2442 5848 1784 1094 3631 4815 634 634 828
3227 4008 4408 856 1291 2465 5497 2442 5654 5469 1820 4955 5047 4408 2114 828 760 4050 4039 5697 1937 5214 1524 2442 5155 5673 5848 91 4297 4531 1157 828
3986 4806 4521 2666 5839 2538 583 2442 1094 3273 1599 2455 4782 5370 532 828 1353 1353 5848 4418 1157 1820 1972 2442 5848 2810 1820 4803 5324 4891 4758 828
3310 1648 4360 3273 4381 3952 3273 2442 2573 1405 1015 749 5848 1784 2114 828 1094 3552 5848 2935 1820 1157 3926 2442 3432 1648 3202 553 4508 4564 129 828
607 3631 3555 3429 2363 4891 127 2442 4508 1353 2114 2326 987 3711 1820 828 5848 1784 3292 669 2465 5752 2816 2442 5673 4050 3511 1157 1276 5729 1353 828
4614 4917 3079 5079 296 5848 1331 2442 5727 1405 998 3800 4669 1820 1157 828 2141 5735 3310 5423 5196 1437 872 2442 4508 4564 5607 687 4508 3631 1157 828
2852 611 4395 5846 1272 4050 3555 2442 3841 3841 4350 2339 4734 979 1717 828 4614 4173 1837 957 4531 67 669 2442 1094 1231 5607 5639 5180 5607 3884 828
2666 752 3771 3771 1184 5734 725 2442 764 687 1353 3507 4050 2480 801 828 3302 1784 1094 2633 1826 1552 828 2122 4629 969 4669 2473 1523 2326 2442 4039
433 2330 265 2619 2917 3631 4265 2442 148 1353 2361 795 1094 1353 4421 828 4354 583 5214 3511 4392 184 4418 2442 3341 2633 3079 4803 5359 5848 1577 828
2619 4421 5848 3116 1655 2473 2065 2442 1483 3468 2827 4817 5526 2480 1538 828 2901 3302 5848 4418 687 3323 1655 2442 4130 4127 5607 687 4313 3440 2280 828
3631 4392 2039 4686 585 1067 4016 2442 987 1655 193 1515 2273 5512 5781 828 1737 4891 3186 847 1292 5848 4234 2442 861 5222 553 68 156 5155 2297 828
5848 5738 3993 348 1838 1548 2161 2442 1094 1731 3462 3378 2273 4299 5554 828 3610 4057 4354 687 2465 3303 2194 2442 1094 1157 5607 5639 4050 950 129 828
3952 736 5691 951 3250 2917 634 2442 5781 2579 184 3363 2538 28 3708 828 1503 1353 5848 5441 2056 4581 3292 2442 4883 4536 3302 5698 3310 4595 687 828
1890 792 5614 4124 3162 4511 1519 2442 5111 795 265 5201 1094 2121 4499 828 687 2852 3310 3468 1963 5106 4577 2442 4654 1117 757 3631 5848 1784 801 828
4734 1196 2455 3621 5155 912 1957 2442 1439 1439 998 3116 1094 5781 5781 828 3595 2280 4050 2326 2465 1820 3139 2442 5848 795 3038 4360 3811 0 634 828
2814 4050 4511 3028 5047 5420 4090 2442 5607 687 1094 1540 1770 5607 687 828 4733 2666 4313 3103 3302 2473 4516 2442 4039 795 2465 1820 4815 607 3429 828
2552 3777 4508 2445 846 2257 2257 2442 4128 5292 2465 15 2105 4654 1784 828 2563 2802 5406 4192 2695 296 3531 2442 3998 2465 1832 1452 4381 1523 3075 828
2536 5326 3628 3664 3604 5220 3659 2442 2273 2326 2473 5673 4654 5412 1697 828 1127 3952 4050 1820 1826 5727 4669 2442 5848 2473 2193 5523 5727 1784 2618 828
553 3777 3490 2672 4482 2720 1609 2442 2345 2852 2531 5614 5727 4891 4531 828 4035 4669 1127 1890 2428 2901 270 2442 3946 2967 3310 4232 1094 5673 3378 828
5496 404 1353 4955 1094 5359 4998 2442 3727 2137 1094 4801 4113 5607 1887 828 1094 1231 5324 1339 5781 4392 4110 2442 321 237 2114 766 4815 2497 561 828
3814 881 2114 998 1171 4039 5697 2442 1094 3621 2465 1377 853 301 465 828 634 1157 4891 4050 249 2465 4408 2442 321 4110 687 4354 853 4039 3235 828
5523 2192 1270 5299 5335 4297 2803 2442 4891 2207 561 5639 4353 54 5451 828 3711 1117 5777 1648 4392 3708 2326 2442 5359 2677 5607 687 5727 4101 4531 828
2605 2672 28 2465 4615 4381 5326 2442 2827 2947 356 2918 4892 2037 5472 828 5848 1784 3841 2390 1820 184 1906 2442 91 4039 2814 5472 3952 2569 2870 828
5781 5088 3874 4498 4313 3711 4362 2442 1094 1355 5691 153 1094 1355 77 828 2480 4050 5472 5668 1820 5848 1015 2442 1437 4337 4907 1519 1607 184 5196 828
1127 687 3468 1483 2672 90 3651 2442 4839 3631 2428 883 1655 4301 4531 828 687 1655 5848 1784 2114 2326 5074 2442 2445 5554 3621 585 2697 3462 3378 828
1094 2764 1437 5781 5848 1171 1743 2442 5848 4063 2037 4508 2455 3490 1533 828 3998 806 896 1780 2695 2503 4407 2442 1972 4669 4510 1157 3244 5727 439 828
1099 3652 3923 874 3511 2114 308 2442 129 5790 3733 4422 861 3957 4955 828 3602 795 4669 5697 4839 2277 2326 2442 5848 1784 418 1089 764 2472 4955 828
1862 4421 869 5737 5359 2089 1507 2442 1094 5214 3490 1820 1276 1800 2938 828 998 4353 4354 687 3958 4556 4381 2442 1127 687 5848 4418 1906 1820 3621 828
5839 1890 1301 876 687 2034 2935 2442 5573 2044 2428 2473 5249 2878 15 828 1453 1607 5848 1784 3462 4050 2764 2442 5848 1405 3631 4110 3743 4739 5311 3477
4716 1450 532 5823 5848 4806 1099 2442 4749 4915 4511 5639 5863 2465 15 828 321 760 5848 795 3079 2473 4039 2442 4508 4564 3490 1820 1032 1032 1157 828
2137 1467 3450 5333 1260 2561 3235 2442 4508 4408 3555 5614 5777 5437 1279 828 4654 4130 4511 3582 2465 5423 669 2442 1094 1353 2428 4050 4734 2691 2631 828
614 2340 2037 4927 2697 4299 1460 2442 3314 4510 2037 4050 5848 1784 5607 828 1820 4955 2465 25 5165 2465 4804 2442 2901 795 409 3828 5848 4669 1895 828
2273 1353 1103 105 3449 561 2895 2442 5727 5537 1523 2938 371 2697 1353 828 3582 4089 658 2280 2695 5214 4039 2442 371 5222 2039 2326 1094 2385 3711 828
4002 1353 1113 3878 198 2720 5607 2442 1731 1731 4354 687 2273 3608 219 828 1094 5214 5848 1784 760 4050 2326 2442 3960 3028 148 5496 4508 2193 5781 828
5603 1687 862 2757 1291 1291 687 2442 1127 1890 1587 3631 652 1127 1890 828 321 1727 3370 5736 3573 5607 669 2442 5848 4418 1127 1890 184 694 4392 828
2114 4408 2428 2508 5839 4381 644 2442 602 5673 2345 2852 3960 2473 5697 828 5654 806 1094 4801 2827 529 5249 2442 4508 1957 1890 5222 5848 745 4016 828
1094 4299 5672 553 5076 1891 2124 2442 5420 5010 3417 4866 795 5654 1437 828 5848 998 1276 1118 2473 2114 4408 2442 5848 4779 148 2193 2697 4564 5704 828
1950 5781 2720 2250 2445 2473 2137 2442 371 5639 1619 2539 5848 2582 1820 828 4313 795 5839 2129 5196 5848 4057 2442 5848 1784 4362 1958 1094 5691 4354 828
4839 1353 404 5496 3711 5155 4564 2442 2737 4057 4360 5781 5848 4057 1820 828 3310 5423 4574 4574 2465 5292 1519 2442 5848 1784 3095 3139 4050 5607 2182 828
5478 3321 1405 5475 1780 2455 5155 2442 3960 2465 4663 4144 4815 4531 1157 828 5175 801 5711 2917 5387 2137 4403 2442 3350 4039 1820 4955 5848 91 1437 828
2993 347 5383 5106 4735 3143 4612 2442 5196 4232 2827 627 4057 3103 4043 828 2037 5333 2037 5781 4511 1196 1906 2442 1035 1035 687 3631 3284 865 3235 828
5183 1519 2881 193 890 189 1599 2442 1035 1035 1094 3217 4891 2695 361 828 5420 4421 2193 5523 2111 2465 4408 2442 4048 5110 148 4642 170 1094 4642 828
4360 5781 935 5772 2245 2465 2452 2442 365 4107 2114 998 5848 1377 3097 828 160 237 5848 1784 2480 4050 140 2442 4039 1437 4803 4408 5727 5735 1784 828
387 265 2473 2917 1559 2465 4959 2442 634 2390 3143 5781 1266 1196 4511 828 5848 4381 2894 1820 2695 1737 4057 2442 1094 5178 5196 156 2600 1717 3323 828
4803 4313 1117 2985 3405 2353 499 2442 4654 1117 5010 2882 795 2114 1820 828 4891 760 5848 4418 5781 5781 2326 2442 5472 3926 806 1157 4815 5106 4511 828
2901 3244 3868 862 2422 5839 1687 2442 3462 1890 687 1655 4815 477 3414 828 5420 2056 321 4050 5155 5732 2489 2442 1094 5214 1437 5781 1820 4891 1529 828
1437 475 1890 2939 2465 646 2767 2442 4301 806 5607 5639 4883 5735 2474 828 5848 1784 4039 5292 2465 1820 4955 2442 5848 795 2032 5698 1794 1094 3621 828
148 2538 4627 2766 865 5734 1820 2442 3711 2480 5848 5333 2773 4653 4531 828 5654 5069 5727 3449 5654 184 1648 2442 321 795 950 5229 4891 661 4510 828
3621 1171 2465 2956 3998 1648 5626 2442 1094 3273 1094 2735 2536 3621 4959 828 5420 1157 5848 4108 687 4354 5333 2442 4839 3631 2182 1820 3998 5727 1784 828
3156 3943 5010 2755 420 184 4035 2442 2414 1648 5073 4126 4891 4381 3302 828 4716 3511 5848 1784 2111 4050 140 2442 5848 1784 3619 856 2105 2465 5414 828
2697 4299 193 1515 5757 1919 2552 2442 2827 3402 3462 2814 3292 4297 72 828 4891 3103 1094 1607 3884 4806 5639 2442 4360 1231 1587 156 4842 77 4053 828
5697 2814 5697 3863 4381 5654 2771 2442 5777 2306 3378 634 2894 5848 2771 828 5496 4564 1910 4354 5781 3926 3926 2442 1094 3065 3468 3936 5750 3273 5826 828
5185 4700 634 2390 5729 3462 1619 2442 1094 4801 4642 2293 3573 91 1533 828 1619 4239 2473 1619 2465 2326 3363 2442 1712 1820 687 1655 4977 3462 3378 828
4653 1519 3779 4612 5496 4564 3555 2442 4354 687 1825 1655 1196 1848 1157 828 5848 1784 5711 2917 1887 2137 5639 2442 4050 4127 4360 2561 4627 4627 5781 828
1891 2766 3878 1557 5848 1103 4457 2442 687 2538 5691 4511 3998 184 3998 828 5673 4564 3952 776 3884 2538 5289 2442 91 1848 3573 2326 3960 184 387 828
5839 3323 3462 2536 2582 1820 1504 2442 1450 4408 4366 5781 4039 5412 387 828 5691 1196 2414 1906 1339 2326 2326 2442 1127 687 5848 91 2363 4511 4959 828
3608 4118 1922 5554 4892 5381 2414 2442 1094 2757 760 4891 4891 3812 1353 828 1503 1353 4615 5253 2473 2114 2326 2442 5781 1196 5654 1437 4779 4516 3462 828
3814 2174 4511 4354 607 3631 5185 2442 3711 4362 3468 1313 4734 301 1157 828 764 687 3468 5333 2037 4030 4564 2442 5420 2672 2428 760 5848 4057 1820 828
661 3800 5851 1293 3467 4039 5697 2442 3841 1820 2965 4669 91 5673 5781 828 5848 1784 4716 5423 2193 2480 2489 2442 5848 5537 1899 1784 5526 1094 1069 828
2363 544 4803 5116 1765 3841 1600 2442 3960 5781 687 1613 661 184 4953 828 266 1727 3511 4050 3544 4422 5839 2442 5848 2043 1890 5222 2111 4891 2465 828
155 3582 739 1196 4782 4225 2037 2442 1094 1731 1887 5673 1094 1731 1599 828 5111 795 2720 2894 5781 3490 876 2442 1127 687 321 4110 5249 2666 1599 828
856 2339 2725 1328 5848 2695 3993 2442 928 2488 148 2193 5207 2247 362 828 148 3608 4072 687 656 5727 4669 2442 3602 2473 2697 5850 5523 3265 3323 828
3462 3378 371 2455 4891 5776 2478 2442 1453 1607 4392 72 2764 418 76 828 3573 3347 5353 1353 5697 5848 270 2442 3998 5069 1094 4297 607 2137 3429 828
5185 5783 1908 2716 2339 532 575 2442 5526 387 4511 3582 3998 2273 1820 828 1619 91 5848 1784 2428 5727 4057 2442 3834 4653 1820 795 4891 2503 408 828
3370 5575 881 5451 3310 1648 3363 2442 3998 5446 1503 3631 1077 4531 3621 828 1233 1727 4734 3096 5574 3876 4239 2442 5848 4130 1437 4337 2720 5423 1820 828
5846 2472 3651 1780 5420 2414 1565 2442 5654 1594 2827 4786 4614 3191 4421 828 5839 5304 424 1727 2465 1094 4408 2442 3960 687 2465 5076 4977 5155 5781 828
5076 1638 774 4509 5848 3449 4281 2442 5781 3134 2339 4050 4627 2137 706 828 1353 1353 3868 987 2465 1820 5214 2442 3960 2043 4392 2472 5848 5324 3573 828
857 4385 5353 1353 4669 3775 3621 2442 5848 399 1094 4556 4110 5607 2539 828 2414 2280 4891 4050 1127 4360 669 2442 1094 4976 2114 766 1094 5292 1157 828
2137 5451 1094 3001 890 5691 3884 2442 1094 1687 1035 1035 1655 861 602 828 399 270 5848 1784 1820 5848 4674 2442 1094 3576 3323 5839 91 5781 1386 828
3544 1405 4614 1677 3727 2827 409 2442 2998 5423 184 586 296 5848 1784 828 5883 4057 5848 1784 2465 4039 140 2442 2465 760 5607 4408 3998 3573 5607 828
475 5472 5554 2672 3442 3442 2445 2442 3651 5163 3899 615 1094 494 3378 828 1094 1607 4782 90 1292 1015 270 2442 565 403 5673 1196 4891 184 1565 828
5607 687 1094 1731 1338 865 4043 2442 2554 4050 3225 5010 3960 5848 2414 828 4716 2194 583 1820 4669 2465 2044 2442 1094 3462 4403 861 4614 1530 5774 828
4734 1526 3625 5764 4508 1353 3273 2442 3877 4734 2380 1799 5478 3043 2437 828 1094 4239 5607 4803 5848 2465 3292 2442 5848 399 2720 3292 4516 2465 5654 828
4392 3399 4779 5781 1820 5848 3711 2442 2414 2414 4907 2808 1094 369 2137 828 2737 5069 4514 2326 2473 4511 1196 2442 1405 3666 4531 669 184 3616 1538 828
4508 4564 4392 5691 1094 1670 5826 2442 370 400 3552 585 5180 1599 550 828 4354 129 1094 4801 656 2473 3651 2442 1094 1687 4922 4922 4536 3651 602 828
1437 2084 5848 4381 5697 2202 856 2442 2253 69 1990 5781 5848 4050 687 828 2465 25 1094 5614 1820 5848 91 2442 5848 1784 4050 5868 5884 602 2034 828
890 2766 3261 4977 2716 1127 687 2442 1234 5214 1127 2666 2363 4050 5614 828 2917 1519 5848 1784 2114 2326 1459 2442 1820 1437 5848 795 2672 5518 3378 828
3225 4063 2064 4408 31 249 3225 2442 1157 4039 4354 687 4110 2582 15 828 223 4050 5523 1157 2465 1712 5512 2442 4354 687 4406 2162 5848 2473 5846 828
5846 4542 3711 2385 2771 1094 3128 2442 5054 1435 148 2697 912 4824 3706 828 249 575 5848 4418 998 2771 2326 2442 5323 652 5691 4360 3775 3361 3711 828
1887 564 5420 4223 321 4392 4030 2442 5848 795 687 2034 4035 1094 54 828 1094 1607 2465 5607 2465 25 4516 2442 1094 1231 1887 5639 861 5155 4043 828
3470 3733 184 853 3139 4470 4470 2442 5848 4057 1353 1353 2105 270 3828 828 634 2390 3608 1820 1784 4891 795 2442 1094 5472 3490 2326 4050 5607 687 828
1146 4713 2473 2114 3960 2306 1538 2442 4516 1157 5848 795 4508 1820 4955 828 3310 806 2917 5839 2111 184 1906 2442 3310 4353 5155 5781 1648 3511 1157 828
362 5283 5107 5568 1696 5603 496 2442 5848 1784 1094 5423 5395 148 3619 828 2114 1405 1449 1449 4354 687 3631 2442 4540 3631 2428 2474 5324 5359 3087 828
1098 2390 687 3490 5846 2538 583 2442 1565 1937 3462 1519 5420 634 4016 828 5185 2827 691 4976 5673 1386 2367 2442 2398 567 3095 4612 585 861 1437 828
371 2193 4564 2390 148 1353 4516 2442 5654 4353 5848 766 3544 3562 5847 828 5781 4955 1820 4110 3265 2465 4408 2442 1094 3631 5781 4955 607 3631 4392 828
5407 3347 5716 3453 2298 1847 2480 2442 2037 5472 184 4418 4654 1117 3828 828 1035 2280 5848 795 5472 5668 4577 2442 5848 4130 3462 3378 1094 1607 2619 828
1895 1103 5496 5445 4323 5783 15 2442 865 5333 5155 5781 5839 1196 72 828 4354 1607 890 3323 2465 4654 5868 2442 2618 5201 1887 1655 4669 1990 1067 828
2773 5333 2114 4001 1508 5412 387 2442 4734 5701 5151 1519 91 5673 2039 828 402 3378 5848 91 5155 5781 669 2442 5496 5207 2193 1353 1094 2225 5451 828
3380 435 2114 2326 2194 3616 5607 2442 1094 1607 687 3323 4536 4842 1199 828 1405 2767 806 681 687 3998 2901 2442 5654 1784 508 2538 4050 1820 1437 828
5151 3462 1453 1607 2363 5738 583 2442 1094 1687 5727 342 5526 3449 4531 828 2039 2326 1094 3273 2720 211 1906 2442 1043 2981 1231 2390 2538 4354 583 828
161 2794 687 2137 3878 5727 138 2442 2465 1820 3468 1873 5777 3621 4959 828 4733 2666 321 4050 2720 2894 669 2442 5047 3841 2827 1990 2917 1519 2037 828
2531 2332 4053 997 3864 634 4531 2442 1094 3631 2465 1820 3534 1260 1938 828 4531 669 5324 4531 687 5111 270 2442 2465 3278 801 4050 1607 2039 2965 828
5660 585 1820 4531 4524 2423 5517 2442 5848 1784 1820 140 4057 5691 1127 828 4360 3573 3631 4693 2695 2465 4804 2442 4050 5047 3462 3378 2306 3292 3462 828
4392 3708 383 2802 4392 3708 4207 2442 1820 1648 348 5017 4381 1094 2480 828 5777 4353 5848 1784 4803 4050 140 2442 5607 687 4050 3292 1094 1069 5478 828
3544 4422 3884 1809 2538 583 5451 2442 2538 3926 687 3028 4403 5180 4856 828 4891 4050 3619 575 2428 2363 623 2442 129 4803 1717 4985 4654 2823 1567 828
5534 4114 5614 575 5711 5496 1353 2442 1784 1503 3490 611 4381 294 1820 828 1712 760 4701 91 3490 1824 1305 2442 3460 4976 2114 1820 1025 4039 5697 828
4508 3274 2193 3273 861 3325 5451 2442 337 1820 2114 2326 4050 5654 1820 828 3841 4362 5062 1196 5210 4457 3292 2442 1286 795 4039 5023 5607 2326 2538 828
4907 1196 2114 1820 4814 4614 3802 2442 3884 687 184 4057 4050 5458 2561 828 1094 2480 1094 5614 4392 4511 669 2442 1094 3631 687 3323 661 4381 4510 828
1094 5472 3884 5839 1094 5826 77 2442 2083 4569 1587 2561 170 1094 2120 828 1094 5207 2089 1507 5781 1089 1519 2442 2901 5781 2766 1557 861 583 1353 828
4577 403 2361 1607 5153 3872 1435 2442 3310 1648 1127 1157 4232 4039 4803 828 2473 4039 1405 3666 4803 5526 91 2442 5848 1784 4153 4050 5839 3323 2465 828
2764 5201 1094 4307 1604 552 5472 2442 5249 2917 2473 4839 1655 4891 2465 828 5777 3052 4354 4952 3490 2326 2326 2442 2720 129 1737 4891 4057 5673 1820 828
4511 5284 1887 2539 1607 2538 583 2442 2965 2985 5848 4669 2011 5607 687 828 5324 1339 1717 5691 5196 5848 4057 2442 4153 760 2465 3303 5848 2695 3573 828
5506 5506 2764 2655 5333 5851 5708 2442 3884 2353 184 387 1204 2358 2480 828 1419 4050 2917 2997 3462 5848 5253 2442 5155 5155 5691 1196 3227 1848 5662 828
1887 2563 687 5783 861 4516 4903 2442 1094 3273 2480 4815 1094 3273 1599 828 3998 2339 371 2538 1599 3442 5297 2442 4839 3631 3235 387 91 5839 4218 828
890 2808 296 2965 3490 2899 2281 2442 4354 687 5727 4540 3292 3621 4959 828 3998 806 687 1655 5155 1435 5054 2442 5727 4669 1447 2666 2465 2326 387 828
3726 795 3726 2557 2465 5880 2480 2442 4642 3618 4039 5292 1737 1895 1697 828 3125 4839 1453 1607 148 3998 3363 2442 4531 4516 3037 687 5526 2194 5654 828
5195 5195 2631 2150 4239 4354 370 2442 1609 2816 1890 687 5526 5848 1784 828 1914 1198 1730 4785 2619 5526 2390 2442 5848 760 3468 4540 1607 1127 687 828
1353 1157 5420 1068 3116 3679 3232 2442 687 1143 1655 3621 148 2697 1353 828 3310 5423 1127 1157 3711 4050 4408 2442 2573 1784 3323 5839 861 180 4250 828
1820 3841 2211 2211 2363 5848 2913 2442 5654 1784 2465 4408 161 3619 575 828 3805 4839 5848 795 3722 5201 5423 2442 4039 2326 356 575 4223 5848 2473 828
2901 5781 3711 2326 3726 981 627 2442 4893 4408 1127 1890 1094 1607 2619 828 998 4057 3347 1820 1784 5848 4057 2442 3616 1820 5848 4669 91 3079 5697 828
607 3631 1293 681 5608 5533 2279 2442 1094 1353 2465 1171 5076 2114 2771 828 1094 3621 5323 4057 1820 2465 4408 2442 3310 5469 3993 2182 743 4408 3670 828
2631 5855 265 2422 5627 4325 5183 2442 1094 3273 687 1655 1519 4354 687 828 5324 5062 5839 1196 4803 342 379 2442 5848 4669 1157 2619 1094 3618 687 828
92 4421 5478 2816 2965 2193 3248 2442 687 1655 1035 1035 5214 1524 4362 828 3310 5423 1127 4090 1292 1825 2489 2442 1449 15 5451 4050 4239 5781 5781 828
801 3302 4239 154 2113 2561 1732 2442 321 4050 4392 3708 2031 1613 3079 828 5654 5423 4091 4470 5654 2306 669 2442 1714 3490 3022 2582 4110 5691 4360 828
1937 5518 4540 2326 795 1906 5062 2442 583 3631 5165 1577 4614 1483 5614 828 687 1355 973 3963 148 2193 4299 2442 3651 5451 2465 1450 2538 583 583 828
5606 1714 687 4521 4795 189 1437 2442 3998 2465 1820 3628 890 2561 5518 828 5848 1784 5848 4057 2827 5781 2633 2442 4839 1260 4392 4531 91 5249 937 828
4997 881 4590 4803 2105 4050 1937 2442 1094 3621 2807 4050 3528 4511 687 828 5654 1784 3960 753 5446 1157 1305 2442 2039 3631 1157 1353 5727 4101 2771 828
862 4712 3139 3284 4272 4354 583 2442 4407 4057 5781 2039 5848 4057 1820 828 3310 3726 4612 4360 5781 2326 2273 2442 1203 1784 1094 1355 4540 3143 4653 828
5697 4110 5691 5222 5777 2619 5781 2442 3727 5673 4510 669 2538 583 1848 828 3292 1447 1094 1266 1922 5554 2672 2442 1094 4801 1730 4785 3811 4566 2037 828
4614 641 5781 2814 687 3651 1607 2442 5848 766 2579 1291 5839 3323 3323 828 4354 129 5727 795 5607 687 1655 2442 1094 1607 1094 1231 3884 1655 121 828
4511 4232 2207 3235 4154 3511 5420 2442 2720 2894 5370 3664 5304 1963 1887 828 184 387 3128 4050 2465 1820 4057 2442 5324 853 2827 687 1094 1607 5229 828
1586 343 4050 2438 2716 2561 3621 2442 2472 1932 1890 687 4232 5748 3621 828 5848 795 5423 5781 3884 5727 5734 2442 5848 1784 687 1655 420 184 387 828
1446 4509 1648 3917 3608 2089 1507 2442 5420 5106 2465 399 5848 4057 1820 828 5175 5883 5781 5451 5196 3310 2767 2442 5727 2695 4392 795 3841 5451 2771 828
5385 5781 2465 3139 4531 691 5512 2442 1820 3841 1717 3621 1094 3631 1157 828 3052 1648 1094 212 2827 4614 5730 2442 3573 1820 4002 3631 1032 5196 1895 828
5727 4673 2913 5116 4101 160 1895 2442 669 634 998 4057 3451 4421 5451 828 4891 1117 4039 1143 2465 2114 4408 2442 1419 4050 2720 3462 2672 4614 4421 828
4872 193 77 1519 1987 4637 1199 2442 5848 795 3462 4955 4039 4381 4511 828 876 4564 5848 1784 656 5848 4057 2442 1094 5614 2428 4669 2194 184 2915 828
5691 2666 1453 1607 1655 2114 4536 2442 1094 4801 1127 687 3960 5848 1784 828 296 2043 3143 4653 140 342 379 2442 3310 5069 2137 5384 5526 5607 687 828
1820 249 1276 5423 3128 282 575 2442 5324 1339 148 1353 4508 4023 575 828 1419 4050 5848 1784 687 2489 5855 2442 687 3323 5848 4110 1094 2385 129 828
4422 977 1890 5475 527 187 3323 2442 4511 4422 2114 2326 140 2473 4511 828 5848 1405 743 4408 4639 5451 4408 2442 3960 5214 1127 687 3998 5848 399 828
2182 1820 1585 5839 4232 3462 1619 2442 1292 3628 5738 1437 5249 140 1279 828 3143 3986 5359 3087 5196 5848 4057 2442 5848 2695 3711 743 3608 4642 2666 828
3278 2339 1950 4509 5618 5727 4755 2442 2474 2465 5106 3604 3511 2465 1820 828 5848 1405 5353 3631 3573 2631 2150 2442 1820 5253 1599 2840 5863 4508 2827 828
4803 4955 5292 1958 379 980 980 2442 4421 433 2720 3779 4239 1910 1717 828 4654 5214 3960 1727 2465 1094 1607 2442 4337 3462 2428 4050 1712 1820 1437 828
607 3462 1619 5384 3005 1127 3323 2442 4297 3631 15 5783 1094 1731 129 828 5727 1838 5863 687 3468 1094 987 2442 4531 4768 4531 4789 5839 5668 4612 828
1216 5614 3468 341 4612 5668 3089 2442 1094 4408 3468 5259 1094 4801 3884 828 5848 2810 4815 5781 2531 5848 4057 2442 5607 687 3468 607 808 4484 1619 828
3468 4540 15 4903 2105 5765 372 2442 1763 1784 127 2816 3651 2114 2474 828 1450 687 4050 1450 2465 1820 4110 2442 2114 4110 5781 5451 1094 2930 4395 828
3449 573 2904 2904 853 1587 1938 2442 1094 5214 3872 1435 4232 5839 4354 828 5155 585 5848 1784 5781 2326 4669 2442 5673 2039 5475 1800 4614 4907 3706 828
2465 5673 3841 5598 3884 148 371 2442 148 2697 2894 1820 1094 987 4350 828 4839 3631 1565 1937 3462 5848 5734 2442 4050 1820 2465 632 3292 5668 2803 828
321 4299 1127 552 2767 1559 2280 2442 1523 2182 3711 1143 570 2856 1353 828 4654 1117 2225 5333 2465 5701 1450 2442 1094 179 4354 2539 3357 5585 1323 828
5387 2037 2808 5423 2937 1619 3429 2442 2089 4669 5781 1887 5848 4101 1619 828 3610 4057 1094 435 3884 1655 669 2442 4392 3708 5848 795 2273 4642 72 828
3872 5701 2149 5410 3785 1435 4484 2442 5848 795 4392 3708 3841 5848 4998 828 1737 4891 5848 1784 5523 2114 2326 2442 1712 1820 4839 3631 1607 1157 1157 828
5148 5148 1825 1825 3608 148 3889 2442 890 1687 3884 687 2363 5777 4531 828 861 1714 5848 1103 2114 2326 4057 2442 5289 1157 5727 4815 2917 2997 3462 828
865 3323 607 4734 4051 2552 4600 2442 2538 861 5222 5451 4050 2273 4642 828 1094 3631 1044 5229 3235 5292 5047 2442 2538 583 3143 5359 4815 634 2814 828
1291 1063 1127 687 764 3998 981 2442 4039 5697 687 1655 5526 1035 428 828 3103 3302 5423 5777 5607 1157 4110 2442 2480 4057 4043 3462 3608 3274 3462 828
