2137 5708 4508 2517 505 5222 3884 2442 
1848 3028 977 1847 91 4511 4959 2442 
1453 1607 1127 687 1607 1655 5229 2442 
1357 3811 5518 4612 4239 1800 4612 2442 
3138 3134 1720 1720 439 1587 3631 2442 
1044 5229 5249 2150 3862 5451 3802 2442 
2221 3811 2981 1515 1355 3793 2914 2442 
861 4207 532 4422 795 2582 4395 2442 
5745 5745 5185 4710 5034 4223 583 2442 
5855 2814 1455 1327 5333 3453 3738 2442 
3202 2552 4515 1687 101 757 2437 2442 
1094 1932 4765 5016 3811 3325 5451 2442 
2265 2265 1825 4627 5691 4360 5292 2442 
1355 3706 5707 1038 1972 3993 1379 2442 
4368 2962 5569 3442 5122 4649 5370 2442 
3828 2182 1790 1094 753 1586 5851 2442 
3261 1655 592 5781 2697 585 129 2442 
4508 2192 865 3884 1409 4891 5458 2442 
1094 1956 1523 1265 4473 5727 4002 2442 
2277 3631 4741 2965 3240 5727 3401 2442 
2275 1599 2937 3727 3519 687 3468 2442 
1556 5414 5423 4540 5037 5547 5605 2442 
184 3616 5111 2901 3868 2619 5781 2442 
1276 1615 1359 2240 4905 5323 3981 2442 
1607 4297 801 5614 3310 1648 5654 2442 
4091 979 3143 3490 4860 5207 1887 2442 
3889 2757 998 5777 816 1157 471 2442 
1892 5333 546 2894 1862 977 4699 2442 
3650 3292 4619 4282 4667 5207 2480 2442 
5798 5537 4281 4088 4577 5537 3492 2442 
5389 3529 2666 5668 1089 5219 2037 2442 
736 5414 4002 5848 5440 5240 4827 2442 
4511 4786 1599 2083 4065 2039 4960 2442 
3828 2182 315 2878 1483 4907 5781 2442 
1890 1329 982 5534 4938 2465 15 2442 
3727 5299 3462 3358 1770 3302 3573 2442 
530 5106 1826 3946 2755 3233 4281 2442 
2043 4140 1175 5691 3481 257 687 2442 
5607 669 5607 1157 5207 5207 2771 2442 
4057 2967 2474 795 2363 3177 4734 2442 
302 2852 1890 3323 1094 1412 5509 2442 
1094 1437 4577 348 2706 2720 1782 2442 
4211 4227 28 1012 2538 1761 3490 2442 
5691 4360 5846 2414 3310 308 2985 2442 
1148 3364 2137 4857 1094 1896 5607 2442 
4159 2716 4059 1437 3332 2672 15 2442 
4008 3227 2446 1157 5727 998 1524 2442 
764 2044 4153 4063 4686 5450 2915 2442 
5289 3811 2193 5781 4381 4508 5781 2442 
3952 3186 268 1922 5847 3085 4907 2442 
3313 3926 730 1157 5027 4381 2178 2442 
1332 3604 3619 575 3841 493 3679 2442 
5590 3220 1573 5880 4147 3245 5484 2442 
3709 3709 5472 5839 4734 210 210 2442 
4232 2894 5848 4381 4232 5079 3537 2442 
1198 1770 5691 4043 140 5848 1529 2442 
1892 5341 5781 3573 5701 1350 4511 2442 
2811 4734 575 348 1249 3129 249 2442 
1717 3621 3914 1171 3265 342 4540 2442 
565 403 4704 2666 5151 527 583 2442 
1127 1890 2343 3610 3128 2465 4803 2442 
371 2538 3834 4653 4815 0 3552 2442 
1891 1891 4510 3235 3762 1196 5774 2442 
3582 5350 4814 1529 3299 95 95 2442 
2901 669 1890 3708 3832 1800 5125 2442 
5673 4531 5479 1425 1655 2561 3706 2442 
1379 2552 4301 5207 4711 5782 575 2442 
1528 795 4985 1437 3711 4408 3884 2442 
1276 1234 1391 4564 4478 4278 2726 2442 
5781 2039 1780 1338 5289 687 4905 2442 
2606 4669 2226 5697 4239 3528 2137 2442 
3310 249 1238 4985 4421 3621 135 2442 
2089 5673 2852 846 2359 3157 1523 2442 
4297 5691 5673 5180 5777 5259 1655 2442 
5229 687 607 2192 2134 5781 3884 2442 
4923 817 2539 4734 5738 2720 1891 2442 
3302 669 2114 1820 4313 2162 3323 2442 
1200 5458 2503 420 2105 2503 3257 2442 
4593 2489 2418 2418 404 769 2631 2442 
1820 3621 4232 1171 3075 2202 2935 2442 
1906 4057 1524 3108 4642 3618 669 2442 
527 3200 2827 5687 5359 5111 2474 2442 
1035 1035 4403 5249 5845 5430 5420 2442 
5781 449 890 2808 1607 596 129 2442 
3116 5605 2642 156 5185 2827 4802 2442 
2193 4564 4392 4422 1094 3516 3378 2442 
1655 1157 5781 5639 1338 5259 3235 2442 
5729 2538 656 2473 5381 2538 4354 2442 
200 5782 2037 4258 2039 5341 5849 2442 
2939 437 2697 4508 2852 5387 5673 2442 
1231 4955 2034 101 764 1157 2720 2442 
743 1353 2465 3292 2397 3993 4991 2442 
2538 561 583 544 2901 5846 4511 2442 
5359 1834 5479 1386 5496 5395 2411 2442 
4516 3917 1922 5554 1979 2277 5155 2442 
0 3552 5708 341 1559 2465 5626 2442 
5654 4101 1113 1488 2192 1094 1588 2442 
5249 3858 5185 1144 92 5863 3884 2442 
5153 5292 5738 552 3960 2576 3573 2442 
5407 184 2428 5610 5018 2363 5698 2442 
5673 2411 2137 2918 4381 5654 4768 2442 
3072 5106 3891 687 1054 371 3631 2442 
5167 4454 4140 4232 5249 1519 154 2442 
3884 687 5229 4565 4891 4511 3621 2442 
5222 3926 28 865 4801 4801 1619 2442 
2832 2832 4684 2833 1943 2894 1588 2442 
3884 687 607 2455 861 2037 5781 2442 
162 2981 4337 5450 795 3110 1437 2442 
5654 4353 184 387 5533 4039 4422 2442 
184 5201 2134 285 3052 1212 4894 2442 
356 4096 4607 4782 270 4511 4959 2442 
4392 3708 743 4577 5153 5607 2561 2442 
1887 3952 3708 4360 2273 433 2573 2442 
5607 687 4050 5738 91 348 1437 2442 
400 997 5691 5222 148 5496 1353 2442 
2149 2465 1094 3139 91 1820 4955 2442 
4524 5359 5667 4393 1094 4144 4905 2442 
5373 2473 1890 5106 1439 2827 5788 2442 
2193 5512 3625 2666 1910 4273 3621 2442 
1094 5614 4511 5668 2582 3986 361 2442 
1834 3290 2573 501 3610 2330 4243 2442 
1820 2194 2881 634 92 5727 3378 2442 
2881 77 2445 5839 1607 2039 72 2442 
2930 3582 998 4039 4931 3993 4421 2442 
5450 2390 865 801 4164 1879 5614 2442 
4686 5450 1922 3065 4540 4891 2473 2442 
3534 1780 1727 5472 148 3608 1437 2442 
769 910 2418 2418 5618 646 72 2442 
4762 575 2771 4239 743 1820 1784 2442 
1717 2539 585 2192 4350 439 3347 2442 
5155 5673 101 4564 4891 4001 5697 2442 
2827 627 5373 3292 4614 2034 532 2442 
4039 3049 2044 4050 1822 667 1800 2442 
5468 2773 4153 760 1094 3631 602 2442 
5781 5088 5420 1687 3884 5196 5155 2442 
2894 1820 4803 1958 2273 2480 1895 2442 
5654 806 5407 2672 5014 3573 1820 2442 
1647 35 129 3759 5249 5026 4250 2442 
4511 4891 4669 1094 4511 2465 4165 2442 
2451 5249 2034 1887 2162 2105 1963 2442 
4515 3202 2339 3191 4614 2339 3706 2442 
1607 5359 2365 2618 4239 2841 3626 2442 
5353 2480 5547 2146 1043 2525 2015 2442 
4392 2043 1890 687 4782 3664 5507 2442 
2445 134 3462 1833 3891 1168 5668 2442 
1887 3621 3986 3788 4511 806 3651 2442 
4422 3952 806 681 4540 3811 1848 2442 
3284 4985 806 681 3775 3347 807 2442 
5654 2695 652 2390 3907 409 2331 2442 
387 5523 5183 2814 3292 1094 692 2442 
2697 4299 4907 3706 1043 4627 4511 2442 
5512 1820 4140 3631 3812 3573 2326 2442 
5782 2037 4473 4669 5711 3462 1619 2442 
2697 1437 890 1615 4508 2414 5781 2442 
2672 308 4693 1655 474 5614 1926 2442 
4501 2472 4782 5214 2149 5122 5783 2442 
3138 5259 3618 4232 4043 2182 4516 2442 
3727 4183 1386 1196 1094 1407 2981 2442 
323 3722 1357 3954 5848 1784 1379 2442 
4872 4614 5341 3490 5196 1095 3631 2442 
5079 2841 3278 2695 1524 743 4454 2442 
3284 3284 4063 1619 3350 4144 3037 2442 
3134 2561 130 853 2458 1127 1890 2442 
4392 4953 2141 5489 1519 477 3414 2442 
2581 1906 3872 3625 3490 3998 2039 2442 
5420 2934 184 4057 1094 2077 2280 2442 
1094 3065 2478 1687 2445 3657 3657 2442 
3380 3800 4322 1157 5300 4536 4894 2442 
1094 5151 3151 4540 5523 4839 4392 2442 
5839 4258 1339 2619 2193 4508 4564 2442 
3309 512 5878 341 5037 1757 644 2442 
5496 5395 634 3378 2473 5266 3331 2442 
1035 1035 687 1655 861 2938 4422 2442 
4511 1196 302 1175 2827 4614 444 2442 
1094 1353 2901 2326 795 28 5607 2442 
3621 4959 890 890 607 5472 2120 2442 
4511 140 1737 1023 5748 3665 3952 2442 
958 5614 184 4035 4239 4422 5626 2442 
4102 2694 1497 3323 1809 4614 4036 2442 
3428 2113 950 2618 420 3303 862 2442 
3651 5863 2137 5673 4565 5848 3378 2442 
3042 5080 3544 3162 2478 5607 5047 2442 
670 5559 5607 687 3621 140 4392 2442 
5607 4612 3952 3186 5304 4300 725 2442 
650 2785 2476 1529 5511 534 1538 2442 
5345 1655 4392 687 4989 3608 4422 2442 
3341 249 5607 4540 5607 5196 381 2442 
4765 5016 5153 1834 3380 3573 2275 2442 
2262 82 1945 1945 5777 1619 5614 2442 
1862 3139 4511 4422 3946 4577 302 2442 
2137 1655 2193 1386 1487 5730 2411 2442 
477 3414 5788 1519 795 4511 1437 2442 
435 5304 4354 3038 5606 3244 1619 2442 
1351 1577 5831 1136 2225 3022 1764 2442 
5304 3116 2764 1157 2111 5420 1276 2442 
3872 1435 861 4119 2899 5355 5687 2442 
4614 2981 5711 3926 4892 3462 5698 2442 
297 3355 342 2069 2937 1948 5782 2442 
1697 806 3619 5451 4654 24 970 2442 
4905 3134 1529 1655 2841 4612 1890 2442 
4905 2473 2160 5727 2414 2473 5781 2442 
1231 2814 1193 1780 2435 2473 5673 2442 
1094 4806 5236 1727 3630 336 5451 2442 
4039 5697 3621 1452 4985 1331 4316 2442 
3651 2300 5673 2906 3615 1682 4895 2442 
1647 2985 1599 2445 2105 2089 1507 2442 
4354 1200 5183 2039 3631 2095 1538 2442 
3490 1489 5376 2703 1871 4913 2726 2442 
1891 4043 3511 1203 4950 5517 3582 2442 
5523 5062 113 2390 2937 2914 1067 2442 
1094 1237 4905 2137 475 890 77 2442 
4360 5781 4053 853 2353 3462 3378 2442 
3608 3046 4734 4669 3134 2561 2852 2442 
2726 3555 1094 3498 795 1937 759 2442 
2720 2755 5607 4303 5324 1892 1538 2442 
4883 5476 4043 5668 5607 140 2218 2442 
2939 2579 1609 315 2363 148 4642 2442 
3511 858 1313 4270 5781 5451 753 2442 
4647 3273 911 3628 1780 3273 1292 2442 
1127 687 3468 270 3811 5155 4907 2442 
5873 3414 1094 2426 5839 5646 728 2442 
5155 4907 1890 68 5384 1619 4393 2442 
2039 1391 3631 4392 3202 585 3621 2442 
3462 4408 3762 5446 2766 1557 1157 2442 
2452 4403 3311 3311 2917 3528 532 2442 
200 2280 561 2610 4464 4402 2938 2442 
3582 3347 5353 1353 5777 3300 5607 2442 
1553 687 3837 3620 5848 1784 575 2442 
348 2480 2363 4057 5330 3079 2894 2442 
3841 4977 5196 1437 5727 4050 4768 2442 
5691 2666 2257 987 2840 1587 1938 2442 
3432 2539 2114 2326 795 2539 5116 2442 
4395 5472 2436 2436 5381 4642 1355 2442 
1835 1069 2784 5035 1751 3874 5678 2442 
5395 2193 1353 2814 2277 3582 4996 2442 
2306 4542 2573 3762 4057 2353 233 2442 
687 2878 3828 2182 4143 4564 1820 2442 
3429 1687 343 2552 1200 5047 2720 2442 
2904 1339 817 4421 296 5848 249 2442 
2445 3134 690 2326 2677 4477 5062 2442 
3423 5848 5259 3752 5029 5848 3378 2442 
1094 3273 4124 2414 4508 4515 2176 2442 
1253 5839 3022 4642 3028 5412 5162 2442 
4050 3462 2465 3292 2666 5179 5608 2442 
5851 5132 2285 4270 4050 4354 2034 2442 
2531 4669 3884 5614 861 1391 5229 2442 
365 4669 5452 2034 3811 2794 54 2442 
2579 200 302 3490 1919 2363 5375 2442 
5777 774 148 2907 4779 4531 4768 2442 
1619 937 71 341 148 2193 4564 2442 
4511 3582 4514 140 2706 2414 2561 2442 
5395 5496 1353 2814 3804 2141 2663 2442 
4508 2824 692 1832 3265 1762 5880 2442 
1847 3302 3097 1074 5477 1577 3828 2442 
4891 3804 1339 3809 1895 4781 162 2442 
546 2894 3128 795 4510 5451 3927 2442 
5359 4642 1203 3116 1452 3621 5738 2442 
1458 3108 4510 1339 387 5240 2531 2442 
2720 1353 5319 2489 420 184 2414 2442 
2917 5673 28 1834 2538 3752 3752 2442 
3952 1069 687 285 4297 5201 801 2442 
1717 4140 5210 4457 652 1143 561 2442 
4734 1196 998 3812 5304 2232 5005 2442 
2827 4817 4862 1628 4985 1276 2303 2442 
983 983 28 2538 1590 5185 886 2442 
4140 1353 2771 652 508 5451 4642 2442 
148 967 477 3414 1203 1094 4915 2442 
1094 1352 3619 4420 1834 5607 2034 2442 
2465 249 4654 853 3465 4511 5292 2442 
5353 1353 2787 4731 4780 4072 4904 2442 
1559 1559 5607 5691 2037 607 1938 2442 
5395 2538 2363 1834 148 2538 1157 2442 
5059 1447 5781 5639 4782 4574 4574 2442 
3511 2303 1094 2633 4366 28 5292 2442 
3615 3582 4140 4110 5673 634 876 2442 
5076 4815 3323 1353 5304 4254 5451 2442 
1483 3620 4393 4383 2941 371 3998 2442 
2845 1990 1094 1151 3378 2149 2057 2442 
189 5698 3706 1196 585 980 980 2442 
3864 4016 2478 585 3785 5607 3552 2442 
3462 90 3631 1196 1655 4484 1323 2442 
1119 1609 865 1655 607 3490 134 2442 
565 3290 593 2137 3625 2802 4789 2442 
5249 5249 1619 5673 788 1200 2722 2442 
1276 5292 3621 4402 4130 1976 1323 2442 
148 923 1528 4891 3009 904 1720 2442 
4392 5798 4923 1119 1890 691 5839 2442 
2786 1379 3722 426 4473 1533 3552 2442 
969 399 2606 1655 91 5006 5116 2442 
5868 4110 2915 1895 5839 1780 4955 2442 
1895 1697 2691 3788 2083 1250 2494 2442 
5106 5373 5848 760 3462 3449 5865 2442 
3089 3620 3138 304 2557 4891 5692 2442 
5222 4360 5062 5106 1655 3122 3261 2442 
5697 575 2589 1370 2361 2465 3501 2442 
2273 3711 1599 5827 3005 5185 2840 2442 
3573 2225 743 1353 1784 5848 1784 2442 
1293 5538 3079 4050 1196 3108 3209 2442 
5185 32 2480 4885 1355 4707 4278 2442 
1835 1892 3143 1386 4313 1196 3706 2442 
2773 2056 3573 164 4531 1157 5047 2442 
4508 4273 2193 2719 5729 4239 5697 2442 
3805 4839 1377 4731 1385 3781 5079 2442 
969 652 5691 5668 2141 5249 4530 2442 
5727 2695 2339 1655 4381 2339 2853 2442 
1094 3138 575 3814 2557 15 2044 2442 
4170 5605 4342 5047 2273 3711 1353 2442 
543 2150 1050 5451 1943 1770 3302 2442 
3490 2561 1353 743 4408 5826 3573 2442 
5839 3323 3462 607 4734 3621 5673 2442 
3795 5839 5451 4955 2764 4050 4511 2442 
5607 3225 1015 5848 5880 2377 1057 2442 
3717 1020 4639 583 1943 5420 2382 2442 
1766 1766 525 525 5249 5673 2207 2442 
404 88 184 2380 2794 4307 2039 2442 
5222 1196 3884 5781 4782 4232 4707 2442 
2015 4985 1937 4927 3182 5287 3555 2442 
1094 5614 646 3936 5076 5614 960 2442 
2794 3292 2077 2797 2445 861 4648 2442 
0 1211 2039 5673 646 285 15 2442 
2445 3358 691 86 821 2878 4905 2442 
1075 4422 1587 1030 2538 2034 532 2442 
1094 5863 4354 687 3811 4842 5183 2442 
5449 4320 387 3302 140 5383 1009 2442 
4232 2894 656 4536 3521 3812 3248 2442 
565 5472 5806 2901 321 2531 2894 2442 
1276 2112 3227 1820 4130 1655 3134 2442 
1094 3273 4891 2935 3685 159 1352 2442 
4402 5781 3809 5333 5727 4625 782 2442 
1094 1412 2245 2280 5727 4669 21 2442 
5429 3370 3708 5088 2222 2224 2833 2442 
890 1098 3889 3462 5727 4101 129 2442 
4531 1437 3602 1339 4627 5673 301 2442 
646 2303 5117 378 1483 862 3787 2442 
1196 691 4157 4235 112 3625 2666 2442 
5370 5426 3741 129 5180 5727 1515 2442 
5420 5106 3278 4050 4971 5106 1727 2442 
5880 5697 2114 4536 5880 4803 1895 2442 
3610 5446 1717 5292 1196 3490 4612 2442 
3998 2465 4297 1731 2917 2997 1619 2442 
5826 1576 4360 1157 2852 2121 2377 2442 
4511 4381 5589 1386 4232 2554 2903 2442 
4048 5110 5673 5668 838 4842 4907 2442 
5196 1437 1094 5214 3125 2478 1175 2442 
987 2870 4511 5292 1094 2114 827 2442 
4764 2669 1889 5008 3804 2465 3621 2442 
1260 2921 5451 3884 987 2103 1887 2442 
4511 687 1924 1924 4713 5614 5782 2442 
4803 2543 795 2557 3265 5848 3811 2442 
646 1820 2720 4050 256 5290 4421 2442 
4009 3038 2899 4459 5868 2114 5414 2442 
2103 5079 3998 892 1910 1937 2726 2442 
2089 3809 321 2737 4057 4669 4540 2442 
890 1932 3809 1366 2988 2445 1435 2442 
3261 1655 4404 1848 5848 1519 4907 2442 
3628 5037 3028 687 1313 3303 1963 2442 
4278 4360 4278 3952 4039 564 2771 2442 
5122 5259 2083 5325 4627 4955 1599 2442 
4320 3244 1352 5668 5472 2225 2582 2442 
5855 2554 4392 5607 5395 1483 2480 2442 
1198 5248 3354 5668 4362 5383 3856 2442 
5134 5134 5781 3573 2465 2326 4531 2442 
5137 634 806 681 4669 1820 865 2442 
4516 91 3038 2870 3151 2134 2870 2442 
5781 5377 1740 1196 1435 4484 4627 2442 
4734 1526 2455 607 890 553 4354 2442 
4297 3841 1727 3679 4891 4232 4470 2442 
646 958 184 1565 140 5606 2237 2442 
2062 4935 3993 1791 1196 154 2814 2442 
5130 1889 3460 3134 2134 5292 3344 2442 
148 4955 2914 4114 611 2666 345 2442 
817 4564 28 602 1780 1687 5229 2442 
5185 1651 4144 4905 4637 1355 1098 2442 
1193 5538 5458 1200 1755 5010 4470 2442 
5698 2536 687 3323 4891 1094 2480 2442 
3625 3625 371 3905 2247 691 4633 2442 
1780 5866 1355 1355 5839 5668 4278 2442 
2720 4050 2193 3442 583 5289 505 2442 
5207 4957 3872 2499 477 5304 2480 2442 
5249 3631 5185 3323 1604 1202 4612 2442 
687 5111 5708 1717 4654 2331 1199 2442 
5765 687 3468 3511 3811 148 219 2442 
2738 140 4040 2741 91 2277 72 2442 
5070 2466 1127 687 881 450 1937 2442 
532 1437 3759 4802 5523 2465 3711 2442 
5528 1218 2745 5358 2207 1157 1032 2442 
2598 97 4716 4734 5258 184 1553 2442 
5249 2878 993 993 1313 5848 1963 2442 
2917 1674 5079 1588 2557 4842 2303 2442 
1094 3516 1234 894 4057 3772 2034 2442 
5472 1196 1730 4785 1257 4842 1447 2442 
148 371 1353 2480 1198 5764 1157 2442 
1890 5691 4508 4564 652 1127 3323 2442 
764 1196 4477 5062 694 5711 1732 2442 
852 4403 4435 687 4511 1196 1157 2442 
3370 5282 5866 5450 3811 2539 5614 2442 
5839 5639 5781 2034 583 2273 1196 2442 
2773 1553 5299 3529 3363 5458 4043 2442 
1523 3162 2789 1022 5848 4654 1914 2442 
5848 4536 2135 3872 4232 1571 172 2442 
1094 1260 5607 5446 4511 1196 4642 2442 
5155 5518 3380 3048 2414 404 3178 2442 
5691 5712 2531 4771 2697 3507 3037 2442 
4516 1313 4421 5183 3884 3631 5229 2442 
1937 3616 583 2538 2150 15 4955 2442 
4360 3952 2553 2132 156 2445 5708 2442 
4209 5106 2465 4803 4232 1181 3302 2442 
5300 4307 3262 5155 5292 1196 1435 2442 
3884 2852 2503 1234 5727 5537 2280 2442 
2039 1488 5392 2899 4614 926 4392 2442 
5076 2119 890 77 5826 764 602 2442 
3862 3240 1035 2757 2095 1143 3240 2442 
2582 5353 5222 5781 3511 4381 3582 2442 
3952 687 1956 5292 1887 1860 2878 2442 
3610 2619 1523 4653 846 341 1619 2442 
4511 5292 3225 5010 1094 5848 950 2442 
4627 4223 2114 1405 5155 5249 2339 2442 
958 4063 184 3103 557 1577 5626 2442 
1717 4140 268 2666 1257 2766 1557 2442 
2695 4353 4614 3802 5201 646 140 2442 
4059 3302 3037 3070 2894 2695 5523 2442 
4278 4405 2039 2473 561 5106 213 2442 
565 2561 2193 3852 5253 2037 1157 2442 
2445 2159 3159 2480 5607 5777 1338 2442 
5249 3358 1035 1035 1770 4239 634 2442 
2503 3321 1127 3302 4212 3920 127 2442 
4704 5691 3670 28 5848 4139 3789 2442 
5846 687 3468 3440 3811 4337 2552 2442 
5353 3631 4393 4354 3517 2926 3323 2442 
5839 112 3157 4509 1780 112 5866 2442 
1094 1196 5155 5781 160 3920 5697 2442 
4648 3292 4053 4768 3868 1825 5475 2442 
5654 806 1890 5106 3537 1890 5222 2442 
1060 553 129 813 4364 5673 1515 2442 
3310 5331 1627 1292 3741 4782 1312 2442 
5359 1834 1094 5614 4741 3441 5578 2442 
1453 1607 2422 5472 1094 1687 3378 2442 
4762 2004 2590 3573 5727 2034 2814 2442 
1094 5839 356 5701 2193 4508 3022 2442 
3009 3357 4711 2599 5654 104 1305 2442 
5523 2192 1183 1183 3534 4627 1435 2442 
1355 2734 344 5781 4313 5047 2480 2442 
3727 3012 1386 1196 4366 3490 2489 2442 
2343 532 4382 3651 2833 4392 2037 2442 
3552 1519 431 1665 2114 1026 2573 2442 
5711 5496 3670 1353 5526 4815 1094 2442 
189 3727 2193 4991 846 1355 2981 2442 
998 795 4856 1057 170 1094 1820 2442 
2193 4564 4508 4564 4392 3708 5423 2442 
2037 2552 2445 2852 4565 129 2528 2442 
5523 876 2056 4655 4516 511 5088 2442 
4907 1196 5155 4246 3811 2878 129 2442 
2445 3134 1922 5292 5289 801 474 2442 
1257 1820 268 3139 4528 2827 3220 2442 
537 2720 4043 4542 1834 1127 687 2442 
3804 5423 1405 5069 5111 4223 3378 2442 
3211 2861 2200 2200 2363 5607 5614 2442 
3872 1382 5673 2582 2841 3044 4622 2442 
5135 88 348 2480 4110 4039 4955 2442 
5423 3811 3815 5518 3618 1648 3302 2442 
4521 937 4540 3631 3916 5691 4699 2442 
3884 1761 4354 2726 5111 5441 3259 2442 
173 2333 2245 2771 1293 4408 5404 2442 
4698 5106 2711 5451 4698 5106 5106 2442 
5290 2026 1127 4090 5249 5868 4511 2442 
2353 2478 1212 5804 2554 2771 2480 2442 
2939 4907 2921 420 2538 677 4642 2442 
5185 67 4907 2814 3468 3936 2480 2442 
4354 129 1094 1326 5423 1437 3046 2442 
3462 3289 508 3651 3815 3708 2281 2442 
5697 2473 2727 3068 3608 2666 3737 2442 
1058 2917 3848 5781 2852 2587 5610 2442 
4693 5639 3872 2280 1354 5848 3378 2442 
4360 3110 2114 4762 3952 5781 5088 2442 
1922 2918 5848 3139 979 3462 3134 2442 
5849 2494 5456 4114 4815 2045 1887 2442 
4591 4509 3711 1891 2622 2538 5249 2442 
4508 5878 3544 5781 4239 2917 634 2442 
3814 3862 1763 2339 2989 5163 4467 2442 
5010 3085 2938 1890 246 4110 1127 2442 
3370 3370 2472 634 5523 5423 5534 2442 
184 1437 890 4050 5711 583 5781 2442 
853 3292 2465 249 1331 4540 5196 2442 
2917 1089 3044 1717 1403 910 2480 2442 
861 5292 3332 3220 5727 5253 5391 2442 
148 5496 148 5518 404 5496 2056 2442 
869 869 4511 977 1890 4360 607 2442 
1094 1857 801 5423 4802 2720 5259 2442 
2432 5518 3607 2643 2273 1820 1553 2442 
1979 1979 4297 2538 5240 1887 5839 2442 
1339 4413 4459 169 5877 5520 1437 2442 
2039 1871 2428 2474 3841 1196 801 2442 
5451 1331 5511 667 4610 561 3848 2442 
5606 1714 4586 4586 5839 156 2037 2442 
2150 3449 520 3812 2497 4627 2037 2442 
5606 1714 5673 4511 140 2363 3051 2442 
4360 3138 3952 874 5526 1127 4290 2442 
1770 4214 2302 3228 2253 2137 4521 2442 
3284 2887 3741 129 140 4891 4392 2442 
3235 2619 2510 3957 1260 2561 5668 2442 
